function map = color_map_google(n)

values =   [0.094 0.631 0.369;
            0.871 0.322 0.275;
            1.000 0.808 0.267;
            0.298 0.545 0.961;
            0.5   0.5   0.5;
            .2 .2 .2;
            0.8 0.5 0.5;
            0.5 0.5 0.8;
            0.5 0.8 0.5;
            1 0.5 0.5;
            0.5 0.5 1;
            0.5 1 0.5];

map=values(1:n,:);